-1.600000000000000000e+01 -1.600000000000000000e+01 1.054400000000000048e+01
-1.600000000000000000e+01 -1.600000000000000000e+01 2.294000000000000128e+01
-1.600000000000000000e+01 -1.600000000000000000e+01 1.304400000000000048e+01
-9.900000000000000355e+00 -1.600000000000000000e+01 1.304400000000000048e+01
-9.900000000000000355e+00 -1.600000000000000000e+01 4.445999999999999730e+00
-1.038899999999999935e+01 -1.600000000000000000e+01 7.615999999999999659e+00
-1.744600000000000151e+01 -1.600000000000000000e+01 -2.720000000000000195e-01
-1.600000000000000000e+01 -1.600000000000000000e+01 2.625999999999999890e+00
-1.600000000000000000e+01 -1.600000000000000000e+01 -1.250000000000000000e+00
-1.612800000000000011e+01 -1.721399999999999864e+01 -1.250000000000000000e+00
-1.648300000000000054e+01 -1.306900000000000084e+01 -1.250000000000000000e+00
-1.648300000000000054e+01 -2.500000000000000000e+01 -1.250000000000000000e+00
-1.248300000000000054e+01 -2.500000000000000000e+01 -1.250000000000000000e+00
-1.348300000000000054e+01 -2.519999999999999929e+01 -1.250000000000000000e+00
-1.248300000000000054e+01 -2.539999999999999858e+01 -1.250000000000000000e+00
-2.048300000000000054e+01 -2.539999999999999858e+01 -1.250000000000000000e+00
-2.048300000000000054e+01 -3.139999999999999858e+01 -1.250000000000000000e+00
-2.046300000000000097e+01 -2.939999999999999858e+01 -1.250000000000000000e+00
-1.446299999999999919e+01 -2.939999999999999858e+01 -1.250000000000000000e+00
