     0.000000E+00     6.125948E-02     4.500000E+02
     0.000000E+00     6.125948E-02     3.505271E+02
     0.000000E+00    -4.330127E+01     3.254917E+02
     0.000000E+00    -6.125948E-02     3.005271E+02
     0.000000E+00    -6.125948E-02     6.438630E-03
     0.000000E+00     4.207320E+01     1.982335E+02
     0.000000E+00     4.207320E+01    -3.975888E+00
     0.000000E+00     8.411490E+01     1.938147E+02
     0.000000E+00     8.411490E+01     1.204510E+01
    -9.599103E+01     7.023179E+00     1.204510E+01
    -4.618842E+01     9.832323E+01     1.204510E+01
    -8.554324E+01     2.617646E+01     1.099864E+02
    -8.554324E+01     2.087485E+02     1.099864E+02
    -8.554324E+01     1.584893E+02     8.998603E+01
